1
17
18
47
67
83
86
87
89
92
94
97
101
102
120
122
137
139
146
150
156
158
172
174
182
184
185
205
210
232
236
240
241
249
253
258
265
276
280
282
287
328
334
337
346
348
349
350
359
372
404
416
423
427
429
447
452
457
470
474
481
488
500
516
517
519
528
539
540
542
549
553
561
564
568
594
597
605
611
623
626
633
665
666
667
681
686
688
702
704
713
719
721
728
751
753
763
766
770
779
793
794
802
807
818
819
846
867
871
873
895
899
906
913
915
920
925
938
942
955
956
963
965
981
983
985
987
992
1005
1011
1013
1017
1029
1032
1039
1047
1056
1057
1077
1078
1079
1081
1092
1094
1095
1098
1099
1128
1129
1136
1144
1153
1199
1202
1208
1217
1218
1230
1232
1236
1243
1250
1260
1264
1266
1268
1275
1293
1297
1299
1300
1309
1312
1318
1323
1347
1351
1354
1358
1373
1381
1394
1396
1401
1407
1417
1418
1427
1431
1433
1436
1445
1451
1453
1458
1459
1464
1471
1476
1487
1491
1522
1532
1535
1537
1546
1550
1551
1564
1565
1568
1582
1602
1607
1617
1621
1625
1628
1663
1664
1688
1726
1746
1780
1782
1799
1802
1808
1809
1811
1836
1842
1844
1846
1852
1860
1871
1885
1892
1916
1917
1926
1928
1937
1946
1948
1965
1966
1986
2000
2005
2017
2018
2022
2025
2051
2057
2060
2063
2067
2074
2084
2094
2096
2120
2142
2147
2152
2153
2170
2176
2180
2184
2195
2217
2219
2220
2236
2241
2242
2248
2263
2266
2278
2286
2289
2291
2295
2310
2324
2325
2328
2334
2351
2354
2358
2363
2366
2380
2418
2422
2449
2450
2464
2477
2487
2494
2498
2505
2534
2538
2558
2580
2583
2600
2618
2622
2628
2630
2635
2638
2648
2649
2654
2671
2674
2675
2684
2701
2710
2718
2735
2736
2739
2741
2764
2773
2776
2785
2790
2812
2815
2831
2854
2860
2866
2872
2875
2879
2883
2892
2897
2903
2909
2911
2918
2930
2950
2952
2956
2969
2974
2985
2988
2990
2995
2998
3000
3011
3029
3031
3032
3037
3049
3051
3056
3067
3069
3070
3093
3095
3118
3133
3136
3137
3141
3156
3162
3170
3187
3191
3225
3227
3241
3275
3289
3301
3304
3306
3314
3316
3318
3340
3353
3373
3380
3382
3383
3387
3389
3400
3403
3416
3417
3430
3445
3448
3459
3465
3468
3474
3481
3483
3506
3510
3513
3521
3528
3533
3538
3540
3548
3557
3569
3570
3573
3577
3597
3623
3639
3642
3644
3645
3652
3655
3657
3659
3661
3667
3668
3672
3675
3693
3699
3704
3706
3720
3721
3725
3726
3727
3730
3753
3758
3762
3765
3769
3790
3797
3802
3804
3812
3814
3822
3826
3830
3831
3832
3835
3839
3845
3882
3889
3898
3900
3911
3912
3923
3933
3946
3950
3956
3957
3961
3977
3992
3993
3995
4015
4016
4017
4035
4036
4039
4045
4047
4048
4056
4057
4058
4062
4076
4089
4091
4093
4099
4100
4106
4116
4119
4120
4134
4136
4143
4145
4146
4150
4161
4164
4171
4181
4183
4196
4211
4216
4227
4231
4242
4243
4247
4248
4251
4262
4268
4280
4282
4298
4301
4313
4329
4331
4332
4335
4342
4359
4361
4373
4380
4386
4398
4400
4401
4421
4426
4427
4436
4441
4449
4473
4478
4489
4491
4492
4495
4516
4524
4527
4550
4551
4562
4569
4584
4589
4600
4603
4610
4618
4624
4629
4630
4633
4643
4656
4657
4663
4664
4680
4698
4699
4700
4718
4719
4727
4733
4752
4759
4766
4767
4788
4806
4813
4816
4817
4818
4820
4823
4850
4862
4865
4871
4885
4894
4896
4898
4901
4907
4927
4931
4940
4946
4947
4955
4962
4968
4985
5011
5035
5046
5047
5053
5076
5081
5088
5090
5092
5099
5103
5112
5117
5139
5148
5149
5150
5151
5155
5159
5162
5172
5180
5189
5209
5210
5213
5220
5247
5255
5265
5277
5279
5290
5292
5299
5300
5301
5302
5313
5317
5329
5331
5341
5349
5351
5358
5373
5374
5377
5383
5388
5398
5399
5423
5434
5449
5455
5456
5458
5468
5475
5478
5482
5485
5495
5505
5512
5514
5519
5520
5536
5537
5539
5551
5572
5580
5586
5599
5621
5628
5633
5636
5639
5640
5649
5650
5656
5662
5665
5669
5674
5690
5695
5702
5704
5720
5724
5735
5739
5747
5760
5766
5770
5783
5787
5793
5804
5815
5820
5837
5857
5859
5865
5867
5871
5875
5886
5889
5915
5926
5928
5935
5941
5958
5962
5969
5972
5988
5992
6002
6010
6029
6038
6042
6047
6049
6073
6083
6088
6091
6109
6122
6142
6165
6171
6172
6190
6193
6194
6203
6204
6206
6210
6217
6220
6224
6227
6231
6249
6251
6255
6280
6284
6286
6306
6310
6317
6372
6385
6397
6399
6410
6411
6419
6424
6433
6446
6450
6451
6454
6464
6465
6472
6481
6482
6486
6487
6500
6512
6519
6521
6523
6534
6538
6541
6548
6569
6575
6579
6591
6592
6604
6605
6622
6632
6633
6636
6638
6640
6641
6652
6656
6663
6666
6668
6693
6705
6711
6719
6722
6727
6728
6731
6734
6758
6767
6788
6794
6799
6803
6807
6817
6819
6828
6840
6847
6851
6853
6863
6877
6879
6897
6902
6904
6912
6920
6936
6945
6958
6968
6971
6972
6992
6994
6995
7002
7012
7025
7041
7056
7059
7062
7063
7066
7087
7090
7095
7098
7102
7108
7109
7113
7118
7128
7135
7136
7137
7148
7149
7156
7170
7188
7192
7194
7197
7208
7241
7249
7257
7265
7276
7311
7314
7317
7324
7333
7337
7342
7344
7350
7352
7366
7369
7377
7394
7409
7417
7420
7423
7428
7437
7446
7465
7469
7470
7480
7486
7489
7496
7505
7520
7525
7528
7529
7535
7538
7542
7544
7550
7562
7565
7567
7570
7575
7576
7584
7585
7603
7611
7615
7619
7620
7624
7625
7633
7637
7642
7657
7680
7684
7689
7696
7698
7700
7702
7707
7726
7732
7733
7734
7737
7749
7763
7777
7778
7789
7794
7798
7816
7830
7833
7850
7854
7858
7868
7883
7888
7900
7903
7911
7912
7921
7922
7932
7941
7957
7958
7960
7968
7975
7976
7984
7986
7997
8005
8014
8023
8024
8032
8040
8063
8068
8094
8104
8115
8160
8161
8178
8180
8198
8210
8215
8222
8239
8250
8257
8264
8265
8275
8281
8282
8292
8306
8320
8337
8339
8342
8343
8349
8353
8364
8367
8369
8370
8373
8402
8408
8409
8416
8421
8423
8425
8427
8438
8441
8442
8443
8446
8450
8457
8475
8476
8479
8480
8494
8497
8507
8522
8529
8551
8554
8558
8565
8566
8571
8572
8578
8613
8626
8632
8639
8641
8652
8658
8684
8687
8688
8690
8696
8700
8711
8726
8733
8762
8767
8786
8789
8797
8804
8806
8810
8818
8825
8828
8831
8835
8842
8859
8860
8863
8873
8875
8882
8883
8886
8888
8906
8907
8913
8917
8939
8943
8947
8956
8960
8964
8967
8968
8973
8978
8985
8986
8988
8996
9001
9010
9015
9017
9033
9078
9115
9120
9131
9136
9139
9146
9151
9160
9168
9174
9185
9195
9209
9219
9221
9227
9228
9245
9249
9261
9272
9278
9280
9282
9293
9306
9315
9326
9361
9374
9376
9379
9390
9394
9396
9402
9405
9416
9423
9436
9439
9456
9466
9468
9475
9477
9478
9479
9481
9490
9496
9501
9504
9510
9516
9520
9524
9543
9544
9547
9557
9562
9567
9569
9591
9597
9622
9625
9632
9658
9665
9671
9681
9696
9703
9710
9720
9723
9724
9729
9745
9749
9760
9769
9785
9805
9806
9808
9815
9817
9823
9828
9829
9836
9848
9849
9850
9855
9858
9866
9867
9876
9878
9889
9890
9893
9901
9904
9910
9915
9924
9927
9935
9940
9944
9946
9955
9958
9992
9998
10001
10006
10012
10022
10027
10037
10044
10064
10068
10078
10079
10081
10084
10087
10095
10104
10108
10115
10119
10130
10136
10152
10154
10157
10161
10167
10181
10193
10195
10199
10204
10208
10221
10232
10235
10237
10244
10247
10248
10258
10269
10274
10287
10300
10308
10311
10321
10349
10352
10369
10370
10374
10390
10392
10408
10416
10419
10424
10429
10431
10433
10439
10440
10448
10454
10455
10462
10464
10474
10479
10481
10490
10509
10520
10542
10559
10567
10568
10570
10573
10575
10578
10586
10587
10592
10604
10613
10623
10636
10637
10642
10643
10646
10652
10655
10660
10669
10670
10686
10690
10694
10695
10698
10702
10706
10724
10728
10729
10738
10741
10749
10753
10756
10763
10772
10773
10793
10803
10812
10823
10828
10829
10830
10839
10840
10843
10848
10849
10864
10887
10896
10902
10919
10932
10941
10951
10961
10978
10988
11000
11008
11034
11066
11070
11078
11080
11096
11112
11113
11125
11160
11165
11166
11174
11176
11199
11209
11227
11231
11248
11258
11277
11278
11289
11297
11305
11307
11308
11318
11328
11331
11354
11372
11390
11397
11412
11427
11450
11464
11471
11476
11477
11479
11483
11492
11502
11511
11521
11524
11539
11541
11544
11569
11570
11573
11575
11577
11604
11611
11613
11616
11620
11622
11626
11640
11655
11669
11680
11686
11693
11695
11709
11710
11720
11727
11745
11746
11759
11761
11766
11778
11781
11794
11796
11797
11805
11864
11866
11880
11886
11892
11896
11916
11932
11940
11942
11943
11950
11966
11981
11992
12014
12017
12053
12065
12069
12070
12085
12087
12100
12115
12119
12120
12132
12133
12135
12136
12137
12147
12154
12161
12164
12165
12175
12179
12183
12184
12190
12191
12220
12221
12227
12228
12238
12242
12247
12252
12253
12259
12263
12269
12276
12282
12284
12299
12306
12318
12327
12328
12334
12338
12358
12359
12396
12400
12410
12415
12421
12425
12426
12434
12444
12450
12454
12460
12468
12474
12480
12482
12483
12486
12490
12493
12500
12503
12504
12509
12521
12526
12529
12552
12570
12573
12582
12591
12592
12593
12611
12620
12633
12641
12643
12645
12658
12659
12663
12683
12684
12685
12690
12718
12720
12723
12739
12746
12755
12759
12772
12774
12782
12796
12802
12804
12815
12818
12819
12826
12829
12834
12841
12846
12859
12865
12866
12868
12877
12884
12909
12915
12916
12921
12922
12929
12934
12942
12944
12956
12959
12970
12980
12996
12998
13001
13002
13004
13006
13011
13019
13025
13051
13061
13085
13087
13092
13118
13119
13144
13151
13155
13160
13165
13166
13173
13176
13184
13187
13198
13212
13235
13242
13248
13255
13256
13259
13261
13262
13263
13264
13269
13274
13275
13288
13305
13320
13322
13349
13354
13361
13362
13364
13371
13374
13379
13384
13398
13404
13405
13406
13434
13446
13447
13454
13458
13470
13473
13481
13502
13509
13527
13548
13553
13555
13577
13591
13593
13595
13602
13608
13615
13616
13634
13636
13643
13655
13657
13667
13693
13699
13703
13707
13713
13726
13734
13738
13744
13748
13750
13755
13762
13775
13779
13781
13802
13827
13844
13852
13868
13871
13880
13899
13911
13917
13925
13927
13928
13943
13953
13954
13988
13989
13999
14000
14002
14013
14017
14020
14021
14032
14033
14036
14044
14056
14057
14058
14060
14069
14075
14097
14112
14121
14125
14139
14142
14160
14162
14163
14171
14175
14176
14203
14207
14218
14223
14224
14226
14240
14243
14251
14257
14264
14268
14279
14281
14282
14294
14308
14332
14334
14340
14346
14352
14354
14359
14365
14372
14387
14394
14402
14407
14420
14424
14433
14457
14460
14464
14468
14474
14487
14497
14501
14505
14506
14509
14510
14520
14523
14526
14528
14531
14537
14541
14555
14556
14567
14586
14587
14606
14609
14614
14623
14625
14629
14632
14633
14636
14649
14689
14709
14713
14727
14731
14760
14763
14768
14771
14778
14790
14802
14804
14814
14816
14817
14820
14821
14835
14840
14842
14844
14855
14856
14883
14891
14899
14900
14904
14906
14910
14911
14931
14940
14952
14957
14958
14968
14975
14976
14980
14987
15004
15012
15015
15023
15037
15040
15054
15060
15073
15079
15084
15086
15094
15105
15111
15126
15131
15141
15182
15190
15197
15199
15206
15212
15226
15227
15230
15238
15279
15290
15292
15293
15299
15303
15310
15313
15320
15324
15335
15340
15351
15360
15367
15370
15384
15392
15394
15398
15403
15405
15407
15424
15429
15466
15472
15487
15490
15492
15500
15520
15521
15527
15530
15531
15533
15534
15535
15548
15566
15581
15582
15583
15623
15645
15655
15665
15671
15722
15724
15726
15734
15748
15759
15763
15766
15775
15785
15798
15799
15803
15830
15839
15846
15873
15876
15878
15889
15898
15900
15901
15906
15910
15911
15941
15944
15956
15958
15962
15976
15982
15985
15993
15997
16008
16009
16010
16016
16030
16033
16041
16048
16065
16070
16071
16089
16092
16095
16097
16099
16118
16122
16129
16143
16148
16155
16157
16165
16168
16174
16176
16204
16205
16209
16219
16227
16231
16237
16251
16254
16265
16287
16298
16299
16303
16304
16306
16309
16315
16323
16335
16336
16341
16343
16356
16362
16363
16384
16387
16388
16394
16398
16402
16404
16406
16417
16418
16420
16424
16426
16431
16442
16449
16454
16459
16489
16492
16494
16503
16509
16513
16527
16533
16537
16550
16568
16574
16580
16582
16590
16597
16617
16620
16633
16644
16645
16670
16699
16705
16712
16715
16719
16752
16770
16772
16784
16791
16792
16794
16796
16799
16804
16817
16818
16820
16832
16833
16845
16847
16866
16869
16875
16876
16880
16882
16883
16887
16891
16895
16898
16902
16904
16916
16918
16920
16933
16938
16947
16949
16953
16954
16955
16961
16962
16964
16973
16981
16983
16986
16990
16999
17003
17004
17007
17009
17012
17025
17027
17034
17041
17046
17048
17051
17060
17061
17080
17081
17090
17095
17099
17102
17108
17109
17110
17126
17135
17151
17162
17167
17181
17195
17197
17208
17234
17238
17242
17246
17247
17252
17253
17259
17265
17270
17271
17285
17290
17296
17304
17305
17342
17354
17355
17357
17361
17362
17372
17379
17393
17397
17401
17403
17408
17414
17420
17424
17431
17432
17437
17451
17452
17454
17460
17481
17482
17491
17521
17534
17540
17543
17555
17556
17558
17562
17563
17566
17573
17575
17579
17591
17605
17611
17617
17620
17628
17643
17645
17660
17669
17696
17703
17705
17706
17712
17713
17719
17726
17733
17735
17745
17771
17781
17785
17788
17809
17819
17836
17839
17841
17844
17851
17854
17855
17873
17898
17909
17911
17921
17922
17935
17940
17944
17955
17968
17969
17972
17977
17981
17982
17993
17994
18004
18015
18016
18028
18031
18033
18065
18068
18072
18078
18091
18094
18096
18110
18124
18127
18142
18148
18149
18163
18164
18166
18177
18180
18184
18203
18204
18211
18212
18233
18239
18240
18242
18243
18248
18256
18260
18268
18274
18279
18280
18282
18286
18297
18298
18302
18307
18312
18328
18339
18360
18361
18368
18396
18399
18403
18409
18420
18422
18426
18427
18429
18431
18444
18453
18465
18471
18475
18488
18491
18503
18512
18513
18514
18516
18521
18533
18545
18549
18554
18566
18582
18585
18595
18596
18607
18624
18631
18632
18637
18646
18660
18669
18671
18673
18674
18679
18681
18686
18693
18694
18697
18703
18740
18750
18751
18760
18778
18780
18794
18801
18816
18818
18837
18843
18845
18849
18857
18859
18863
18865
18867
18874
18878
18884
18887
18888
18907
18921
18924
18928
18929
18931
18942
18945
18946
18973
18974
18984
18986
18994
19002
19005
19017
19033
19035
19039
19043
19052
19059
19063
19078
19080
19101
19106
19113
19117
19145
19146
19149
19155
19160
19169
19175
19179
19180
19187
19192
19194
19197
19210
19212
19217
19223
19229
19248
19257
19262
19275
19301
19303
19340
19343
19351
19354
19356
19366
19368
19375
19377
19382
19394
19410
19415
19421
19441
19452
19458
19461
19469
19483
19484
19490
19498
19507
19508
19509
19514
19522
19524
19544
19554
19572
19573
19574
19583
19593
19599
19609
19616
19620
19624
19635
19648
19655
19657
19666
19687
19699
19701
19708
19717
19728
19732
19733
19742
19751
19773
19786
19787
19795
19797
19812
19826
19828
19832
19845
19847
19848
19864
19875
19887
19891
19907
19914
19923
19928
19934
19945
19952
19953
19959
19971
19980
20014
20016
20021
20023
20038
20045
20049
20056
20080
20083
20088
20093
20122
20126
20128
20143
20152
20154
20166
20173
20176
20183
20185
20190
20195
20201
20205
20214
20216
20239
20240
20260
20263
20277
20282
20286
20304
20312
20316
20332
20367
20369
20379
20386
20387
20388
20391
20404
20412
20414
20415
20427
20434
20436
20437
20439
20441
20444
20465
20469
20471
20479
20483
20485
20495
20505
20510
20542
20543
20549
20554
20562
20574
20575
20586
20594
20601
20612
20614
20636
20640
20647
20667
20668
20671
20673
20676
20685
20689
20696
20705
20708
20711
20712
20714
20717
20718
20730
20735
20736
20737
20766
20770
20775
20779
20781
20784
20791
20792
20793
20819
20824
20832
20858
20867
20871
20881
20894
20899
20937
20938
20943
20955
20957
20959
20963
20967
20969
20973
20990
20999
21001
21005
21008
21021
21030
21036
21038
21040
21050
21057
21059
21069
21074
21075
21095
21102
21103
21107
21108
21116
21133
21150
21152
21158
21167
21181
21182
21189
21191
21203
21228
21239
21244
21250
21260
21275
21282
21289
21294
21295
21305
21312
21318
21329
21341
21347
21360
21365
21375
21377
21380
21389
21390
21398
21412
21414
21417
21420
21421
21439
21454
21456
21467
21481
21484
21487
21537
21542
21543
21547
21577
21600
21604
21627
21634
21637
21669
21681
21682
21683
21692
21695
21701
21704
21706
21711
21722
21739
21746
21755
21758
21765
21766
21772
21783
21790
21796
21815
21838
21844
21871
21872
21879
21880
21889
21890
21898
21909
21910
21915
21921
21936
21949
21950
21955
21956
21970
21976
21980
21986
21991
21995
22001
22005
22007
22017
22018
22022
22023
22037
22038
22052
22056
22060
22063
22075
22084
22086
22095
22096
22098
22102
22111
22117
22124
22125
22126
22128
22137
22143
22169
22171
22184
22192
22195
22199
22203
22208
22209
22226
22276
22278
22285
22291
22303
22310
22313
22314
22322
22333
22341
22350
22355
22381
22384
22398
22400
22412
22418
22439
22440
22442
22456
22461
22486
22494
22502
22512
22515
22517
22527
22536
22539
22540
22541
22546
22549
22550
22560
22571
22574
22581
22585
22598
22599
22605
22607
22610
22618
22619
22627
22644
22652
22655
22660
22665
22672
22683
22693
22695
22706
22710
22712
22724
22735
22736
22742
22753
22754
22759
22761
22762
22763
22777
22782
22788
22796
22797
22807
22815
22818
22823
22828
22830
22846
22850
22860
22870
22872
22873
22874
22875
22882
22889
22893
22895
22923
22931
22933
22939
22943
22960
22965
22977
22980
22999
23009
23010
23019
23040
23057
23068
23071
23090
23091
23094
23103
23110
23116
23122
23123
23127
23130
23131
23140
23142
23149
23169
23171
23183
23189
23192
23203
23206
23209
23215
23216
23218
23223
23227
23228
23241
23247
23253
23258
23259
23262
23276
23287
23299
23300
23302
23305
23309
23315
23320
23330
23341
23355
23364
23366
23401
23408
23418
23421
23435
23450
23455
23471
23479
23488
23491
23497
23499
23501
23507
23512
23516
23520
23521
23529
23550
23551
23572
23583
23598
23603
23608
23612
23666
23672
23674
23678
23689
23693
23694
23698
23710
23730
23736
23739
23746
23748
23753
23755
23757
23765
23771
23772
23777
23779
23780
23799
23804
23805
23817
23822
23827
23830
23833
23835
23843
23845
23855
23858
23864
23868
23871
23873
23882
23889
23897
23902
23916
23942
23956
23958
23959
23971
23975
23976
23989
23994
24010
24032
24042
24043
24045
24048
24065
24072
24075
24083
24091
24095
24098
24106
24146
24147
24148
24150
24156
24168
24169
24183
24193
24195
24197
24233
24245
24252
24266
24270
24272
24274
24285
24299
24301
24307
24317
24325
24334
24345
24351
24364
24373
24385
24390
24394
24403
24421
24454
24465
24477
24503
24526
24533
24541
24549
24560
24565
24594
24601
24608
24611
24613
24616
24619
24627
24630
24632
24658
24686
24687
24690
24704
24715
24723
24724
24728
24731
24742
24754
24765
24766
24771
24773
24782
24787
24792
24796
24817
24824
24833
24848
24849
24851
24861
24864
24866
24868
24887
24907
24909
24916
24931
24940
24943
24951
24953
24961
24965
24982
24996
25011
25017
25027
25029
25032
25058
25105
25113
25117
25127
25138
25149
25154
25167
25174
25177
25188
25207
25209
25232
25236
25246
25252
25254
25264
25270
25291
25297
25306
25316
25326
25337
25341
25343
25349
25351
25354
25366
25374
25375
25376
25385
25387
25391
25395
25397
25404
25407
25410
25414
25416
25421
25424
25428
25434
25439
25446
25450
25457
25460
25467
25473
25477
25487
25510
25514
25522
25540
25562
25567
25569
25572
25575
25576
25582
25585
25595
25596
25599
25611
25620
25622
25634
25635
25652
25654
25655
25662
25674
25677
25689
25691
25692
25704
25706
25710
25712
25725
25727
25732
25737
25758
25760
25763
25778
25792
25794
25796
25803
25804
25820
25856
25857
25862
25865
25867
25870
25881
25891
25893
25895
25903
25907
25911
25922
25929
25933
25940
25946
25947
25963
25976
25984
25986
25993
25994
26012
26023
26043
26050
26051
26065
26068
26088
26089
26093
26095
26109
26116
26121
26123
26127
26137
26138
26151
26157
26161
26179
26181
26188
26189
26190
26196
26197
26199
26202
26203
26204
26208
26215
26219
26226
26238
26283
26291
26299
26305
26318
26320
26327
26335
26339
26342
26359
26362
26375
26383
26385
26386
26399
26414
26423
26430
26432
26436
26440
26449
26452
26457
26459
26461
26471
26476
26478
26502
26508
26510
26516
26521
26523
26534
26536
26541
26552
26557
26564
26566
26570
26573
26574
26588
26593
26602
26628
26631
26634
26654
26655
26658
26659
26662
26684
26687
26692
26693
26695
26700
26721
26722
26730
26731
26738
26743
26755
26759
26764
26785
26800
26809
26817
26827
26829
26834
26835
26836
26847
26852
26861
26871
26890
26893
26922
26927
26935
26937
26950
26953
26954
26959
26963
26970
26977
26978
26981
27009
27018
27022
27037
27059
27064
27082
27109
27110
27112
27113
27117
27120
27140
27141
27145
27158
27162
27164
27174
27176
27177
27178
27189
27192
27193
27195
27197
27200
27207
27214
27217
27230
27234
27239
27263
27271
27276
27290
27299
27301
27346
27384
27394
27398
27399
27419
27434
27442
27444
27445
27453
27465
27472
27482
27488
27496
27497
27507
27512
27516
27525
27531
27534
27540
27541
27542
27543
27553
27557
27562
27581
27583
27601
27616
27617
27619
27621
27623
27624
27625
27638
27647
27652
27661
27684
27687
27688
27699
27709
27715
27727
27729
27730
27739
27750
27753
27757
27758
27761
27770
27771
27783
27784
27790
27793
27797
27802
27810
27812
27818
27821
27824
27834
27851
27853
27875
27878
27888
27902
27907
27909
27917
27919
27920
27926
27945
27954
27969
27976
27982
27986
27992
27996
28003
28006
28030
28056
28066
28070
28122
28131
28143
28149
28161
28166
28167
28175
28185
28188
28191
28197
28204
28216
28218
28225
28235
28237
28238
28243
28246
28249
28256
28258
28261
28268
28269
28270
28280
28288
28290
28298
28303
28311
28320
28321
28328
28339
28348
28350
28351
28364
28368
28390
28402
28404
28417
28431
28440
28448
28456
28463
28464
28472
28503
28520
28522
28530
28541
28543
28549
28551
28557
28564
28575
28586
28587
28596
28598
28604
28615
28618
28628
28635
28637
28641
28655
28658
28665
28707
28710
28719
28724
28730
28758
28763
28767
28776
28785
28788
28791
28810
28816
28820
28822
28835
28848
28850
28852
28853
28870
28875
28880
28888
28901
28906
28913
28919
28924
28931
28934
28939
28940
28942
28948
28949
28959
28964
28968
28971
28973
28980
28982
28992
29007
29021
29031
29035
29047
29049
29051
29060
29071
29076
29077
29080
29084
29099
29104
29108
29109
29112
29116
29119
29127
29131
29140
29149
29155
29162
29173
29176
29178
29194
29207
29211
29226
29229
29230
29260
29271
29273
29275
29278
29290
29295
29309
29310
29311
29316
29329
29334
29345
29348
29359
29372
29382
29392
29393
29397
29400
29401
29411
29412
29414
29418
29424
29435
29436
29447
29458
29459
29470
29485
29501
29506
29507
29524
29525
29533
29535
29548
29551
29555
29566
29569
29578
29580
29581
29594
29599
29622
29629
29647
29648
29650
29654
29658
29685
29695
29704
29710
29712
29715
29723
29727
29744
29746
29748
29756
29758
29759
29773
29775
29776
29780
29791
29796
29797
29814
29818
29822
29841
29846
29870
29879
29886
29890
29896
29903
29907
29910
29919
29923
29940
29945
29949
29951
29958
29977
29981
29986
30002
30005
30006
30007
30008
30011
30027
30031
30033
30040
30057
30062
30082
30087
30092
30096
30098
30108
30115
30126
30149
30150
30157
30161
30170
30174
30182
30187
30196
30199
30200
30201
30202
30208
30265
30270
30289
30291
30292
30308
30325
30337
30338
30343
30354
30355
30360
30366
30388
30397
30407
30419
30425
30435
30441
30445
30450
30452
30461
30464
30476
30477
30484
30491
30515
30525
30530
30541
30545
30550
30559
30564
30565
30567
30569
30579
30592
30595
30597
30601
30603
30605
30606
30614
30620
30628
30631
30634
30635
30651
30652
30653
30667
30677
30679
30685
30687
30697
30699
30710
30711
30712
30717
30732
30740
30743
30760
30763
30765
30772
30773
30775
30784
30786
30792
30802
30806
30809
30816
30817
30820
30822
30831
30846
30847
30876
30878
30879
30881
30887
30896
30899
30902
30915
30917
30918
30942
30953
30967
30980
30988
30995
31001
31012
31013
31016
31017
31020
31023
31024
31025
31032
31034
31038
31040
31056
31069
31079
31084
31101
31109
31116
31139
31147
31161
31162
31174
31180
31181
31186
31194
31205
31220
31222
31225
31230
31231
31237
31242
31243
31246
31254
31255
31258
31265
31267
31271
31275
31285
31306
31326
31330
31334
31337
31343
31366
31370
31375
31386
31405
31410
31413
31430
31457
31464
31484
31517
31538
31541
31550
31551
31553
31557
31558
31561
31568
31570
31591
31597
31606
31638
31650
31651
31654
31658
31662
31668
31673
31675
31681
31698
31708
31728
31753
31760
31770
31786
31789
31825
31827
31829
31843
31849
31858
31876
31889
31901
31919
31925
31935
31951
31964
31991
31993
31994
32002
32012
32026
32032
32033
32044
32045
32048
32055
32057
32062
32070
32071
32074
32081
32085
32089
32091
32094
32096
32098
32104
32111
32119
32129
32130
32137
32138
32145
32147
32148
32161
32164
32166
32168
32170
32171
32192
32195
32198
32201
32202
32211
32216
32223
32238
32243
32252
32257
32269
32276
32289
32295
32312
32321
32328
32338
32342
32343
32356
32363
32370
32378
32390
32401
32403
32408
32420
32425
32444
32453
32455
32471
32473
32482
32517
32520
32524
32528
32541
32577
32594
32602
32617
32618
32642
32643
32648
32650
32661
32665
32674
32689
32710
32713
32737
32756
32767
32770
32789
32805
32823
32828
32841
32848
32850
32851
32860
32863
32866
32872
32874
32882
32883
32884
32886
32895
32905
32912
32915
32916
32918
32929
32943
32953
32965
32968
32975
32982
33005
33006
33010
33027
33041
33048
33062
33070
33080
33084
33088
33092
33099
33102
33112
33121
33125
33139
33142
33153
33157
33158
33163
33165
33172
33178
33180
33186
33188
33200
33205
33208
33214
33231
33242
33262
33267
33269
33272
33278
33284
33294
33303
33305
33307
33313
33315
33318
33326
33332
33333
33341
33342
33345
33346
33352
33354
33356
33377
33389
33417
33430
33431
33435
33436
33442
33443
33453
33461
33468
33469
33484
33488
33507
33510
33511
33523
33529
33534
33540
33545
33548
33573
33582
33584
33593
33600
33605
33615
33616
33627
33628
33634
33647
33648
33651
33658
33670
33671
33673
33706
33729
33731
33738
33741
33766
33773
33776
33780
33784
33797
33801
33806
33810
33822
33835
33836
33845
33890
33892
33900
33901
33906
33929
33932
33938
33942
33961
34001
34031
34033
34044
34050
34051
34076
34088
34095
34106
34111
34126
34129
34135
34142
34144
34150
34157
34159
34172
34174
34178
34183
34186
34191
34198
34203
34204
34207
34208
34214
34227
34237
34242
34249
34253
34256
34280
34291
34301
34353
34358
34363
34366
34368
34382
34389
34394
34396
34398
34399
34400
34401
34411
34416
34426
34428
34430
34432
34437
34451
34459
34463
34466
34467
34471
34472
34478
34493
34503
34511
34530
34548
34549
34558
34571
34574
34580
34588
34622
34627
34634
34641
34645
34647
34674
34680
34681
34684
34719
34720
34727
34731
34742
34747
34769
34771
34775
34781
34786
34796
34799
34804
34819
34830
34832
34835
34840
34844
34852
34857
34858
34864
34876
34893
34906
34910
34918
34922
34932
34937
34941
34949
34951
34967
34979
35002
35016
35020
35038
35044
35054
35056
35059
35061
35065
35079
35107
35113
35120
35122
35141
35148
35152
35154
35177
35179
35183
35197
35199
35205
35206
35215
35222
35225
35230
35233
35248
35253
35259
35315
35322
35331
35342
35347
35357
35361
35368
35370
35384
35392
35400
35408
35409
35412
35414
35416
35422
35423
35425
35445
35462
35464
35480
35484
35492
35494
35505
35514
35522
35524
35529
35534
35537
35540
35550
35564
35566
35575
35590
35598
35608
35616
35622
35632
35642
35645
35658
35680
35685
35707
35718
35721
35730
35758
35759
35761
35762
35767
35773
35776
35783
35787
35795
35799
35801
35804
35811
35815
35819
35835
35837
35838
35842
35854
35857
35865
35868
35869
35878
35889
35893
35911
35927
35931
35934
35936
35950
35955
35971
35983
36014
36016
36018
36021
36034
36042
36044
36046
36061
36063
36064
36069
36083
36103
36108
36115
36125
36127
36129
36135
36144
36148
36149
36176
36222
36224
36228
36229
36230
36243
36251
36260
36265
36268
36271
36280
36289
36292
36302
36312
36322
36327
36330
36337
36350
36353
36358
36368
36377
36391
36393
36399
36401
36403
36404
36415
36424
36457
36469
36475
36480
36481
36494
36498
36525
36527
36533
36559
36565
36567
36568
36578
36585
36589
36594
36596
36598
36602
36604
36608
36610
36618
36633
36635
36637
36639
36650
36659
36687
36688
36696
36697
36698
36703
36705
36721
36725
36728
36738
36748
36755
36762
36763
36764
36778
36780
36785
36813
36831
36844
36845
36849
36850
36856
36895
36913
36918
36928
36929
36937
36941
36964
36966
36973
36974
36975
36982
36984
36987
36991
36992
36993
37010
37013
37014
37021
37025
37027
37031
37037
37051
37067
37077
37085
37098
37102
37103
37107
37109
37110
37115
37120
37126
37127
37129
37133
37148
37149
37154
37164
37178
37195
37199
37230
37238
37252
37259
37262
37268
37273
37278
37280
37281
37284
37287
37311
37329
37332
37338
37353
37356
37368
37382
37386
37389
37402
37414
37418
37419
37426
37436
37438
37442
37452
37472
37502
37508
37513
37517
37520
37525
37528
37539
37545
37558
37564
37577
37583
37586
37593
37596
37607
37609
37612
37646
37651
37652
37654
37659
37669
37674
37682
37687
37706
37708
37710
37714
37716
37724
37725
37734
37740
37744
37745
37755
37768
37771
37780
37781
37791
37793
37798
37810
37818
37825
37826
37833
37838
37843
37845
37858
37864
37868
37876
37889
37892
37894
37896
37913
37914
37917
37925
37927
37930
37942
37945
37950
37956
37965
37974
37989
37996
37997
38004
38016
38036
38044
38046
38058
38069
38099
38102
38106
38110
38112
38115
38119
38120
38121
38128
38130
38137
38138
38150
38153
38163
38167
38168
38184
38188
38192
38205
38209
38212
38238
38241
38260
38269
38279
38295
38301
38302
38304
38306
38315
38321
38337
38346
38347
38357
38360
38369
38371
38374
38388
38399
38423
38424
38426
38427
38435
38437
38438
38451
38453
38467
38472
38483
38484
38500
38502
38506
38508
38516
38525
38533
38550
38552
38593
38594
38605
38613
38614
38622
38629
38631
38635
38641
38647
38655
38672
38674
38675
38689
38690
38705
38721
38732
38738
38741
38743
38753
38771
38789
38793
38804
38813
38825
38826
38830
38837
38880
38895
38902
38903
38915
38919
38921
38947
38953
38978
38983
38988
38992
38995
39011
39012
39023
39032
39052
39057
39078
39082
39089
39095
39096
39109
39110
39143
39158
39161
39167
39169
39184
39191
39226
39230
39236
39240
39252
39255
39257
39260
39287
39289
39303
39305
39319
39322
39325
39349
39350
39353
39362
39364
39365
39366
39381
39383
39404
39407
39429
39433
39435
39445
39449
39452
39459
39474
39484
39492
39495
39497
39510
39516
39517
39521
39526
39534
39553
39568
39583
39586
39597
39619
39622
39632
39638
39643
39653
39656
39657
39658
39664
39666
39672
39689
39705
39710
39737
39745
39746
39753
39764
39772
39775
39780
39781
39783
39790
39799
39809
39811
39821
39843
39850
39865
39867
39872
39877
39889
39891
39915
39924
39935
39958
39976
39983
39989
40015
40016
40022
40023
40024
40027
40037
40042
40050
40053
40055
40068
40087
40104
40106
40120
40123
40126
40140
40141
40142
40151
40167
40169
40189
40195
40196
40207
40219
40227
40232
40236
40237
40238
40249
40254
40256
40266
40276
40290
40294
40295
40305
40306
40314
40319
40323
40332
40335
40337
40339
40358
40359
40370
40386
40393
40401
40402
40403
40411
40418
40424
40433
40449
40462
40464
40465
40474
40481
40490
40500
40502
40507
40510
40534
40537
40546
40549
40551
40556
40558
40576
40586
40596
40610
40635
40641
40644
40645
40648
40658
40659
40676
40677
40685
40695
40702
40715
40719
40721
40723
40724
40741
40743
40762
40766
40775
40778
40779
40787
40799
40813
40835
40843
40850
40852
40859
40863
40918
40927
40932
40941
40945
40946
40967
40969
40982
40990
40991
41007
41008
41018
41019
41020
41025
41028
41049
41064
41075
41085
41111
41132
41140
41143
41154
41156
41158
41161
41165
41166
41173
41174
41188
41200
41203
41204
41221
41226
41227
41233
41242
41264
41266
41279
41282
41284
41291
41298
41303
41317
41319
41331
41349
41372
41375
41376
41378
41380
41388
41396
41397
41401
41402
41405
41413
41416
41419
41422
41432
41434
41438
41442
41466
41467
41469
41487
41494
41497
41517
41518
41535
41540
41542
41547
41578
41580
41581
41588
41610
41630
41634
41646
41674
41675
41681
41698
41703
41715
41720
41731
41732
41734
41735
41737
41741
41744
41747
41771
41782
41797
41807
41833
41841
41845
41848
41855
41868
41871
41885
41888
41890
41893
41902
41908
41922
41930
41933
41934
41945
41946
41949
41955
41980
42001
42006
42008
42019
42020
42023
42024
42036
42047
42053
42056
42058
42061
42062
42066
42069
42073
42080
42098
42100
42104
42109
42112
42114
42122
42126
42138
42144
42166
42167
42177
42185
42199
42207
42230
42236
42254
42255
42257
42264
42269
42273
42278
42282
42289
42303
42308
42323
42331
42334
42341
42344
42345
42348
42351
42356
42360
42362
42374
42388
42395
42406
42410
42419
42433
42436
42465
42471
42476
42479
42493
42494
42500
42507
42512
42513
42518
42538
42541
42545
42561
42562
42568
42571
42578
42579
42589
42590
42591
42605
42608
42612
42627
42661
42662
42675
42677
42690
42695
42727
42742
42744
42748
42749
42756
42762
42764
42766
42767
42773
42786
42787
42808
42825
42848
42865
42871
42872
42884
42900
42908
42912
42913
42916
42926
42937
42942
42945
42949
42967
42977
42979
42982
42999
43020
43021
43028
43056
43057
43068
43074
43077
43091
43092
43100
43103
43105
43107
43115
43123
43130
43139
43146
43148
43150
43152
43154
43163
43176
43178
43184
43186
43188
43208
43221
43233
43258
43267
43282
43297
43299
43319
43326
43340
43341
43344
43346
43347
43357
43365
43374
43380
43381
43391
43418
43426
43430
43431
43440
43446
43447
43455
43473
43477
43479
43481
43487
43488
43498
43499
43505
43519
43520
43529
43531
43549
43552
43554
43564
43566
43568
43572
43573
43582
43590
43600
43602
43611
43620
43634
43649
43657
43662
43665
43667
43680
43683
43684
43697
43703
43712
43713
43714
43718
43719
43721
43728
43731
43732
43734
43740
43742
43764
43768
43772
43789
43793
43806
43807
43809
43815
43817
43820
43821
43826
43827
43829
43834
43861
43870
43897
43907
43911
43915
43927
43945
43947
43949
43983
43990
43993
44003
44004
44009
44014
44015
44030
44033
44039
44049
44068
44069
44070
44088
44117
44126
44141
44143
44145
44149
44152
44158
44172
44176
44182
44184
44198
44203
44208
44214
44221
44223
44234
44235
44239
44247
44250
44261
44268
44280
44288
44289
44292
44294
44307
44312
44321
44322
44323
44334
44353
44365
44382
44389
44391
44392
44411
44413
44421
44448
44456
44478
44481
44505
44510
44519
44537
44538
44540
44544
44546
44556
44560
44566
44572
44574
44578
44585
44592
44594
44600
44601
44607
44610
44614
44622
44624
44630
44638
44640
44645
44646
44664
44666
44669
44692
44696
44720
44725
44728
44730
44734
44752
44753
44764
44765
44767
44775
44776
44778
44780
44781
44789
44791
44797
44803
44809
44813
44824
44826
44828
44830
44833
44834
44841
44851
44855
44861
44880
44881
44883
44890
44891
44893
44907
44911
44918
44919
44926
44932
44938
44939
44955
44959
44969
44984
44996
45004
45015
45016
45017
45031
45049
45057
45063
45070
45071
45085
45113
45125
45131
45142
45143
45149
45155
45180
45194
45198
45199
45202
45213
45218
45219
45229
45230
45240
45251
45258
45263
45264
45271
45284
45291
45304
45319
45320
45324
45348
45352
45358
45369
45391
45395
45417
45428
45440
45455
45475
45487
45488
45508
45518
45521
45531
45534
45547
45548
45563
45572
45586
45589
45602
45616
45627
45634
45635
45656
45683
45687
45699
45702
45705
45715
45720
45724
45727
45746
45750
45759
45760
45762
45763
45764
45767
45776
45789
45803
45814
45817
45819
45828
45845
45857
45869
45879
45898
45908
45916
45918
45929
45935
45936
45941
45943
45957
45972
45974
45976
45977
45996
45998
45999
46001
46004
46006
46026
46034
46037
46048
46056
46060
46064
46069
46074
46078
46082
46090
46098
46108
46126
46133
46135
46148
46152
46154
46155
46159
46166
46170
46172
46178
46183
46189
46190
46194
46197
46198
46217
46228
46234
46244
46251
46253
46263
46264
46268
46277
46284
46291
46300
46324
46345
46346
46348
46351
46356
46360
46362
46363
46366
46376
46377
46380
46384
46387
46403
46434
46437
46443
46445
46450
46455
46457
46466
46472
46481
46489
46504
46508
46516
46518
46521
46525
46527
46528
46534
46541
46555
46559
46569
46591
46610
46611
46614
46634
46654
46669
46673
46674
46683
46692
46701
46707
46716
46725
46740
46743
46761
46765
46767
46772
46773
46777
46787
46790
46791
46804
46807
46836
46838
46849
46855
46862
46874
46880
46887
46891
46893
46894
46903
46904
46909
46913
46916
46920
46925
46932
46933
46935
46942
46958
46996
47007
47012
47017
47022
47031
47032
47042
47053
47067
47069
47073
47089
47090
47094
47108
47117
47120
47125
47131
47154
47161
47169
47174
47175
47189
47193
47203
47211
47213
47217
47228
47230
47239
47244
47257
47265
47276
47277
47279
47290
47306
47309
47312
47323
47329
47330
47333
47338
47343
47361
47383
47391
47393
47414
47425
47437
47438
47444
47447
47455
47459
47467
47469
47485
47496
47499
47500
47503
47504
47510
47514
47523
47528
47530
47540
47546
47550
47553
47555
47557
47562
47567
47579
47600
47607
47609
47618
47626
47634
47652
47660
47665
47699
47711
47715
47734
47756
47758
47759
47771
47774
47776
47786
47795
47798
47800
47804
47807
47819
47823
47830
47842
47852
47860
47861
47863
47867
47870
47872
47898
47901
47907
47909
47910
47928
47929
47933
47948
47949
47950
47976
47996
48008
48014
48016
48025
48029
48035
48044
48048
48075
48083
48085
48086
48092
48093
48099
48106
48112
48116
48137
48138
48143
48149
48160
48164
48165
48171
48180
48187
48202
48204
48212
48214
48227
48228
48241
48248
48257
48281
48291
48293
48300
48305
48310
48315
48343
48350
48360
48371
48372
48378
48383
48386
48388
48394
48408
48411
48416
48423
48427
48431
48451
48462
48471
48477
48492
48493
48500
48512
48530
48533
48534
48542
48548
48562
48565
48578
48591
48602
48605
48612
48620
48633
48635
48636
48641
48647
48652
48659
48673
48675
48696
48708
48709
48715
48727
48742
48743
48758
48765
48769
48772
48785
48796
48799
48852
48854
48856
48870
48871
48885
48891
48914
48915
48917
48919
48932
48935
48937
48941
48948
48975
48976
48982
48989
49005
49010
49019
49039
49045
49069
49077
49097
49121
49135
49139
49146
49156
49166
49171
49174
49192
49200
49202
49203
49226
49233
49240
49241
49244
49251
49254
49258
49274
49279
49285
49295
49300
49301
49308
49323
49330
49343
49345
49349
49369
49372
49374
49375
49376
49378
49380
49384
49392
49396
49403
49414
49430
49451
49452
49458
49463
49477
49486
49490
49494
49497
49502
49503
49510
49516
49524
49525
49527
49529
49531
49539
49542
49556
49558
49562
49587
49596
49616
49626
49634
49641
49645
49650
49677
49681
49689
49692
49696
49702
49705
49714
49718
49723
49726
49737
49742
49743
49754
49768
49769
49786
49794
49821
49830
49865
49869
49875
49885
49892
49903
49904
49906
49907
49909
49911
49912
49914
49945
49950
49958
49969
49972
49973
49974
49983
49989
49990
49993
49999
50001
50005
50008
50011
50017
50023
50025
50039
50054
50059
50065
50066
50070
50084
50087
50088
50091
50096
50102
50109
50110
50120
50124
50132
50151
50159
50163
50171
50175
50180
50197
50214
50222
50224
50235
50237
50242
50246
50261
50276
50281
50282
50304
50307
50314
50318
50323
50360
50368
50387
50393
50400
50439
50454
50455
50457
50464
50486
50500
50502
50508
50523
50529
50544
50548
50580
50583
50595
50597
50605
50607
50620
50621
50626
50627
50636
50638
50641
50648
50657
50659
50661
50668
50671
50683
50685
50688
50690
50691
50695
50703
50708
50710
50711
50729
50741
50747
50749
50762
50766
50794
50798
50811
50814
50817
50818
50820
50821
50829
50844
50852
50863
50875
50884
50888
50890
50896
50898
50905
50907
50920
50923
50941
50951
50963
50972
50989
50992
51003
51009
51014
51018
51029
51042
51050
51051
51065
51067
51083
51091
51092
51093
51110
51111
51122
51133
51138
51158
51163
51168
51171
51179
51182
51200
51202
51214
51217
51218
51223
51232
51242
51252
51268
51284
51288
51291
51298
51312
51321
51322
51324
51339
51346
51353
51358
51362
51374
51375
51388
51389
51406
51408
51419
51422
51426
51437
51438
51445
51447
51453
51482
51503
51506
51511
51519
51535
51536
51542
51563
51565
51568
51578
51586
51593
51598
51606
51609
51618
51633
51637
51642
51650
51657
51666
51682
51688
51691
51699
51702
51707
51710
51714
51715
51723
51732
51737
51740
51744
51746
51748
51757
51759
51762
51769
51786
51787
51792
51800
51802
51811
51813
51814
51831
51847
51848
51865
51867
51873
51874
51881
51883
51890
51894
51906
51908
51911
51924
51942
51953
51958
51983
51991
52025
52026
52030
52031
52041
52061
52066
52067
52068
52082
52093
52096
52100
52109
52115
52117
52120
52127
52130
52132
52142
52146
52157
52163
52177
52180
52181
52202
52205
52208
52210
52221
52229
52238
52258
52263
52264
52269
52272
52279
52300
52307
52318
52324
52330
52334
52338
52342
52351
52352
52356
52367
52376
52390
52397
52400
52403
52404
52407
52414
52418
52432
52438
52454
52458
52467
52475
52487
52498
52534
52536
52537
52544
52551
52553
52561
52567
52569
52586
52588
52615
52616
52620
52621
52624
52633
52647
52651
52656
52661
52664
52670
52688
52703
52704
52706
52737
52739
52746
52747
52773
52789
52799
52802
52815
52816
52833
52834
52835
52848
52856
52867
52898
52905
52915
52916
52932
52934
52937
52945
52947
52962
52968
52978
52997
53003
53005
53007
53016
53034
53035
53054
53055
53056
53064
53069
53088
53100
53101
53110
53129
53131
53133
53136
53148
53149
53155
53162
53163
53166
53168
53170
53195
53202
53205
53208
53222
53223
53230
53257
53264
53279
53296
53297
53311
53312
53330
53337
53348
53349
53352
53358
53360
53369
53371
53379
53380
53384
53387
53391
53393
53395
53396
53407
53415
53419
53424
53429
53433
53442
53444
53458
53464
53466
53473
53479
53485
53489
53501
53511
53515
53534
53540
53550
53552
53561
53566
53586
53588
53599
53600
53617
53619
53620
53623
53642
53648
53655
53683
53687
53688
53694
53696
53707
53717
53745
53748
53750
53754
53769
53780
53784
53789
53805
53816
53821
53831
53833
53835
53836
53839
53851
53868
53888
53889
53894
53896
53926
53937
53942
53946
53950
53957
53962
53963
53974
53981
53984
53997
54001
54002
54015
54016
54021
54022
54040
54056
54092
54111
54118
54121
54125
54137
54142
54144
54145
54146
54150
54169
54197
54203
54224
54229
54235
54245
54250
54252
54259
54265
54275
54283
54293
54298
54302
54304
54305
54311
54314
54316
54330
54335
54338
54340
54341
54359
54370
54371
54380
54414
54415
54421
54435
54442
54462
54475
54478
54482
54485
54487
54495
54496
54497
54510
54513
54535
54536
54550
54559
54560
54562
54566
54567
54610
54621
54622
54626
54648
54650
54651
54667
54703
54710
54726
54732
54746
54766
54767
54771
54776
54778
54781
54793
54811
54813
54817
54821
54825
54831
54834
54849
54881
54889
54891
54904
54919
54920
54923
54926
54927
54932
54937
54939
54949
54955
54978
54983
54985
54995
55003
55008
55025
55028
55030
55036
55059
55064
55074
55093
55097
55109
55131
55138
55141
55149
55170
55171
55172
55180
55187
55192
55195
55201
55206
55207
55210
55216
55227
55244
55246
55249
55251
55272
55274
55275
55310
55312
55317
55319
55322
55340
55343
55355
55356
55397
55405
55408
55416
55441
55446
55449
55453
55460
55464
55471
55480
55486
55491
55508
55527
55539
55546
55553
55562
55565
55574
55575
55579
55592
55600
55606
55616
55626
55632
55636
55637
55638
55643
55645
55657
55664
55677
55679
55681
55686
55688
55691
55696
55698
55715
55722
55724
55727
55733
55742
55750
55756
55758
55759
55766
55770
55771
55794
55797
55799
55810
55811
55827
55843
55862
55867
55870
55879
55891
55901
55940
55950
55954
55960
55961
55980
55990
55993
56013
56018
56031
56037
56048
56057
56061
56062
56069
56071
56076
56082
56083
56088
56089
56093
56104
56108
56110
56119
56121
56122
56136
56144
56146
56171
56192
56196
56203
56208
56210
56212
56214
56271
56275
56300
56307
56308
56311
56318
56347
56355
56360
56361
56368
56370
56377
56378
56382
56384
56390
56393
56395
56401
56403
56410
56420
56421
56432
56433
56435
56436
56459
56463
56467
56485
56494
56513
56520
56522
56526
56528
56548
56553
56570
56574
56575
56581
56584
56601
56611
56632
56639
56641
56647
56650
56651
56653
56654
56660
56667
56673
56677
56690
56697
56700
56707
56722
56742
56745
56748
56754
56759
56774
56779
56782
56787
56790
56803
56810
56830
56832
56844
56849
56864
56865
56868
56880
56888
56890
56893
56907
56912
56922
56923
56924
56930
56936
56945
56948
56952
56961
56969
56971
56972
56973
56976
56978
57009
57011
57023
57028
57035
57037
57043
57045
57046
57054
57057
57062
57070
57071
57079
57084
57093
57094
57104
57114
57115
57133
57145
57190
57197
57204
57211
57213
57214
57216
57218
57227
57234
57249
57253
57256
57259
57264
57268
57270
57271
57282
57285
57287
57295
57296
57299
57302
57312
57315
57331
57333
57340
57341
57344
57345
57348
57376
57377
57380
57391
57398
57427
57432
57436
57441
57460
57465
57469
57478
57482
57483
57501
57513
57520
57526
57527
57528
57541
57544
57547
57553
57566
57567
57570
57572
57573
57576
57585
57590
57594
57604
57615
57630
57647
57659
57661
57664
57690
57710
57711
57712
57717
57730
57735
57739
57744
57748
57761
57769
57777
57783
57789
57790
57797
57800
57811
57813
57818
57827
57850
57858
57870
57873
57874
57887
57892
57893
57895
57904
57910
57911
57923
57937
57938
57939
57949
57951
57952
57957
57970
57977
57980
57994
57999
58011
58021
58027
58052
58062
58073
58078
58081
58085
58089
58092
58102
58107
58114
58116
58124
58138
58141
58145
58147
58157
58161
58162
58172
58180
58185
58191
58208
58222
58224
58228
58235
58236
58252
58255
58259
58261
58263
58267
58269
58271
58272
58285
58294
58304
58316
58323
58324
58335
58340
58383
58402
58415
58418
58457
58463
58464
58466
58467
58473
58480
58483
58486
58490
58495
58499
58500
58507
58514
58529
58535
58536
58543
58550
58551
58555
58558
58561
58575
58579
58586
58597
58609
58614
58619
58642
58646
58660
58662
58670
58674
58675
58689
58692
58733
58734
58743
58745
58751
58755
58757
58762
58775
58778
58788
58791
58792
58797
58816
58818
58837
58840
58846
58848
58856
58859
58873
58877
58883
58884
58889
58902
58907
58910
58916
58919
58922
58924
58929
58938
58941
58949
58952
58960
58968
58976
58980
58981
58983
58985
58987
58990
58993
58997
59025
59035
59044
59064
59068
59081
59096
59097
59098
59102
59124
59129
59135
59140
59148
59168
59172
59173
59177
59181
59184
59194
59196
59200
59222
59226
59228
59242
59256
59259
59269
59271
59282
59291
59302
59308
59319
59320
59322
59325
59333
59345
59347
59350
59357
59362
59365
59371
59374
59382
59391
59404
59411
59419
59423
59426
59431
59434
59440
59441
59464
59465
59467
59474
59480
59494
59506
59525
59535
59550
59553
59564
59593
59598
59600
59613
59627
59630
59639
59645
59662
59667
59669
59673
59676
59683
59701
59709
59716
59723
59736
59745
59756
59785
59786
59797
59816
59831
59832
59837
59840
59841
59850
59862
59864
59871
59881
59885
59898
59900
59908
59910
59923
59928
59932
59954
59955
59959
59967
59974
59975
59978
59985
59988
60000
60005
60007
60010
60012
60021
60030
60049
60064
60072
60082
60093
60099
60101
60103
60115
60118
60124
60127
60160
60165
60175
60193
60194
60195
60196
60245
60262
60264
60270
60277
60284
60287
60297
60303
60307
60322
60329
60336
60341
60342
60350
60364
60378
60379
60390
60392
60399
60402
60412
60424
60429
60432
60454
60457
60464
60465
60470
60484
60487
60490
60491
60494
60506
60507
60514
60515
60520
60534
60554
60561
60573
60576
60578
60584
60600
60606
60616
60622
60623
60627
60630
60631
60633
60650
60652
60654
60676
60714
60735
60737
60766
60774
60804
60817
60818
60825
60826
60827
60830
60853
60857
60862
60865
60868
60871
60876
60880
60884
60894
60900
60939
60941
60950
60953
60958
60961
60962
60966
60970
60977
60978
60979
60987
60988
60991
61000
61002
61005
61012
61020
61021
61029
61035
61050
61060
61066
61072
61073
61076
61086
61088
61097
61100
61101
61114
61129
61132
61137
61154
61156
61176
61183
61184
61198
61199
61202
61203
61221
61239
61250
61269
61302
61327
61333
61340
61341
61349
61359
61365
61371
61374
61377
61386
61388
61389
61394
61396
61406
61410
61417
61418
61420
61423
61431
61438
61448
61455
61489
61491
61493
61503
61506
61513
61520
61557
61559
61561
61562
61570
61580
61585
61594
61599
61605
61610
61612
61618
61637
61646
61657
61672
61675
61683
61694
61696
61708
61715
61719
61721
61727
61755
61763
61764
61766
61769
61775
61790
61799
61814
61819
61840
61844
61854
61876
61878
61883
61884
61886
61905
61920
61938
61939
61946
61949
61961
61976
62007
62010
62011
62014
62023
62032
62047
62053
62055
62056
62072
62076
62079
62081
62084
62096
62099
62105
62114
62115
62118
62131
62134
62138
62153
62160
62162
62166
62178
62197
62202
62225
62233
62252
62253
62256
62273
62285
62287
62297
62304
62307
62309
62314
62318
62329
62331
62338
62343
62347
62352
62367
62388
62389
62392
62397
62405
62409
62419
62424
62432
62436
62440
62445
62452
62458
62472
62481
62483
62485
62491
62499
62502
62507
62513
62521
62524
62527
62531
62533
62542
62545
62549
62552
62560
62562
62563
62577
62590
62626
62627
62635
62637
62645
62652
62659
62673
62686
62737
62760
62764
62766
62773
62777
62786
62795
62802
62804
62805
62808
62813
62816
62818
62825
62832
62835
62841
62845
62850
62853
62858
62872
62887
62890
62897
62915
62920
62923
62929
62949
62950
62959
62966
62971
62976
62980
62988
62993
62994
62995
63017
63029
63030
63058
63063
63080
63081
63083
63097
63104
63105
63115
63117
63129
63135
63141
63152
63168
63176
63181
63182
63200
63202
63209
63211
63212
63214
63219
63221
63225
63251
63257
63264
63267
63270
63279
63281
63287
63288
63296
63303
63308
63309
63320
63338
63340
63341
63350
63397
63409
63422
63424
63430
63434
63439
63440
63450
63452
63454
63456
63458
63464
63467
63468
63480
63490
63500
63504
63511
63516
63518
63521
63532
63534
63545
63548
63554
63558
63559
63565
63571
63579
63580
63581
63582
63586
63601
63617
63618
63642
63647
63650
63661
63669
63681
63682
63685
63690
63692
63695
63697
63724
63731
63747
63749
63785
63786
63790
63793
63811
63823
63826
63834
63846
63848
63849
63850
63856
63878
63879
63894
63896
63902
63907
63917
63923
63924
63926
63932
63936
63937
63938
63941
63951
63952
63957
63960
63963
63984
64006
64016
64028
64030
64031
64038
64054
64066
64070
64089
64091
64109
64122
64123
64131
64133
64134
64136
64143
64144
64154
64158
64160
64163
64178
64179
64192
64194
64196
64202
64207
64211
64226
64227
64235
64247
64248
64253
64255
64266
64268
64269
64273
64274
64300
64307
64310
64325
64330
64334
64337
64338
64342
64352
64362
64374
64378
64420
64433
64434
64441
64459
64460
64464
64465
64469
64477
64485
64511
64514
64515
64525
64529
64552
64571
64573
64580
64586
64597
64605
64607
64618
64620
64629
64637
64638
64648
64658
64663
64665
64670
64688
64697
64708
64719
64726
64729
64745
64755
64757
64758
64775
64794
64796
64797
64816
64833
64860
64863
64868
64875
64880
64885
64898
64913
64927
64932
64935
64939
64959
64968
64975
64977
64978
64979
64991
65002
65006
65008
65016
65022
65029
65037
65038
65040
65062
65069
65072
65088
65089
65091
65092
65096
65109
65116
65118
65119
65130
65149
65151
65155
65156
65163
65167
65169
65178
65209
65211
65217
65219
65223
65230
65240
65248
65253
65267
65268
65275
65279
65287
65288
65290
65292
65296
65306
65316
65324
65325
65326
65328
65329
65336
65337
65339
65346
65363
65375
65376
65387
65408
65428
65432
65449
65473
65476
65477
65483
65491
65492
65501
65506
65511
65515
65520
65527
65535
65540
65542
65555
65557
65575
65576
65578
65579
65580
65583
65596
65599
65603
65614
65618
65627
65629
65641
65655
65658
65674
65679
65682
65692
65693
65695
65699
65701
65707
65714
65715
65721
65725
65729
65740
65745
65761
65764
65766
65775
65778
65798
65800
65801
65806
65809
65836
65838
65844
65846
65849
65852
65857
65858
65866
65871
65885
65890
65893
65895
65898
65900
65920
65923
65927
65929
65944
65946
65948
65954
65967
65973
65974
65984
65999
66023
66031
66045
66052
66057
66067
66069
66078
66079
66083
66098
66100
66103
66112
66113
66123
66126
66136
66137
66139
66150
66155
66167
66182
66188
66197
66198
66220
66228
66233
66238
66239
66244
66247
66253
66254
66261
66269
66272
66275
66277
66288
66295
66297
66302
66306
66307
66325
66341
66353
66360
66370
66382
66404
66411
66415
66427
66437
66443
66463
66470
66476
66493
66497
66499
66502
66506
66540
66544
66546
66561
66565
66569
66572
66575
66581
66593
66596
66605
66608
66609
66614
66618
66632
66633
66644
66647
66660
66665
66666
66669
66672
66684
66688
66695
66705
66720
66725
66736
66742
66743
66750
66752
66762
66769
66774
66775
66782
66789
66807
66809
66811
66835
66841
66861
66866
66893
66910
66911
66913
66921
66922
66924
66933
66944
66945
66955
66959
66965
66971
66976
66985
67018
67033
67042
67044
67068
67071
67075
67079
67087
67095
67102
67138
67143
67145
67148
67149
67150
67160
67161
67167
67172
67173
67186
67190
67193
67216
67220
67223
67241
67265
67279
67288
67295
67301
67302
67309
67314
67327
67339
67348
67374
67379
67382
67386
67387
67412
67417
67420
67421
67426
67444
67445
67446
67451
67483
67488
67491
67497
67504
67513
67516
67527
67529
67540
67556
67558
67559
67579
67592
67599
67606
67625
67626
67646
67649
67650
67653
67659
67660
67672
67688
67693
67694
67704
67710
67712
67719
67729
67730
67738
67750
67755
67760
67764
67772
67776
67782
67783
67788
67798
67805
67815
67817
67823
67834
67850
67854
67855
67860
67861
67865
67867
67869
67883
67895
67897
67900
67906
67909
67911
67912
67922
67940
67941
67949
67954
67955
67961
67963
67965
67972
67980
67983
67988
67992
67995
68009
68015
68028
68032
68043
68045
68059
68078
68081
68103
68110
68124
68126
68133
68142
68148
68149
68163
68164
68177
68182
68190
68217
68224
68235
68243
68255
68258
68260
68267
68279
68288
68305
68306
68310
68323
68324
68327
68344
68353
68368
68377
68413
68418
68421
68435
68448
68449
68452
68454
68468
68474
68489
68490
68493
68499
68500
68504
68511
68515
68527
68528
68542
68547
68565
68580
68588
68592
68603
68610
68618
68623
68661
68677
68683
68699
68704
68706
68711
68712
68721
68725
68728
68734
68736
68742
68757
68774
68780
68781
68784
68808
68815
68820
68821
68844
68845
68858
68872
68874
68877
68878
68888
68890
68900
68907
68913
68917
68924
68931
68936
68939
68954
68960
68966
68967
68980
68989
68991
69019
69029
69068
69075
69076
69078
69088
69092
69100
69102
69115
69118
69119
69135
69140
69142
69149
69150
69154
69157
69161
69167
69171
69172
69189
69192
69206
69222
69225
69227
69229
69233
69234
69238
69245
69247
69248
69263
69269
69282
69299
69320
69326
69327
69332
69337
69355
69374
69381
69386
69389
69395
69398
69414
69416
69420
69421
69435
69445
69457
69458
69464
69475
69476
69477
69482
69498
69505
69508
69509
69519
69532
69556
69558
69561
69568
69569
69576
69580
69586
69588
69601
69604
69605
69606
69608
69610
69618
69628
69633
69639
69641
69650
69656
69662
69672
69675
69677
69678
69712
69738
69741
69745
69748
69750
69755
69764
69767
69771
69779
69781
69793
69799
69802
69815
69822
69826
69833
69836
69842
69848
69864
69882
69890
69898
69901
69909
69910
69920
69927
69935
69945
69971
69977
69984
69993
69997
69998
70004
70015
70022
70025
70030
70032
70049
70050
70067
70069
70071
70075
70079
70081
70091
70096
70099
70103
70107
70115
70143
70155
70161
70169
70182
70221
70225
70235
70243
70248
70272
70280
70298
70300
70301
70311
70317
70323
70344
70348
70351
70352
70359
70360
70368
70369
70431
70436
70447
70475
70487
70494
70503
70505
70509
70511
70518
70530
70533
70537
70539
70568
70577
70594
70655
70660
70688
70721
70723
70744
70748
70752
70756
70757
70765
70788
70797
70798
70802
70805
70807
70815
70831
70843
70845
70899
70924
70926
70933
70943
70947
70951
70954
70956
70960
70961
70962
70967
70970
70973
70982
70983
70998
71002
71005
71012
71015
71020
71034
71041
71046
71056
71057
71058
71066
71069
71071
71085
71092
71105
71124
71126
71132
71152
71155
71161
71178
71180
71187
71195
71226
71239
71250
71253
71256
71265
71271
71283
71286
71291
71330
71334
71354
71355
71371
71372
71374
71383
71387
71389
71405
71411
71440
71445
71447
71453
71462
71464
71487
71490
71498
71499
71501
71517
71523
71524
71533
71535
71543
71561
71572
71611
71616
71617
71621
71631
71636
71644
71646
71648
71658
71662
71669
71673
71678
71685
71694
71718
71720
71728
71730
71731
71732
71743
71744
71745
71751
71760
71762
71765
71768
71784
71793
71795
71806
71809
71815
71828
71831
71832
71833
71841
71851
71864
71869
71891
71895
71896
71898
71900
71903
71904
71913
71914
71918
71933
71936
71937
71962
71964
71967
71976
71982
72005
72010
72011
72018
72022
72026
72028
72030
72072
72081
72087
72104
72105
72112
72115
72130
72146
72154
72171
72172
72174
72175
72178
72184
72192
72194
72203
72207
72209
72215
72220
72230
72243
72255
72262
72267
72301
72302
72355
72356
72375
72393
72398
72403
72422
72438
72453
72459
72472
72475
72487
72491
72500
72518
72520
72536
72542
72553
72556
72566
72567
72583
72586
72590
72597
72599
72605
72613
72615
72625
72628
72629
72634
72641
72647
72651
72663
72664
72683
72689
72691
72692
72699
72716
72721
72724
72730
72732
72742
72747
72749
72750
72757
72761
72763
72771
72773
72776
72784
72789
72801
72819
72822
72825
72851
72857
72876
72880
72881
72890
72899
72911
72912
72913
72920
72921
72936
72938
72940
72947
72967
72971
72981
72992
72994
73004
73013
73017
73023
73039
73046
73049
73051
73084
73118
73121
73123
73132
73141
73149
73166
73177
73192
73200
73202
73209
73210
73212
73215
73230
73233
73242
73244
73248
73253
73255
73286
73287
73291
73302
73322
73324
73334
73335
73380
73387
73388
73390
73391
73393
73405
73407
73419
73423
73444
73448
73465
73467
73496
73499
73502
73505
73539
73549
73551
73561
73566
73585
73592
73594
73608
73612
73615
73618
73625
73626
73637
73639
73641
73644
73655
73666
73670
73674
73681
73685
73686
73689
73697
73698
73701
73703
73705
73720
73725
73727
73747
73751
73758
73760
73765
73787
73794
73803
73809
73811
73820
73823
73829
73838
73844
73851
73857
73864
73892
73897
73907
73910
73949
73952
73961
73972
73984
73990
74020
74023
74032
74046
74050
74051
74061
74071
74079
74081
74085
74106
74110
74111
74112
74114
74117
74123
74134
74135
74140
74148
74149
74154
74163
74164
74184
74187
74208
74213
74229
74236
74242
74254
74258
74271
74272
74273
74274
74275
74281
74284
74301
74309
74314
74317
74322
74342
74351
74353
74357
74373
74387
74394
74397
74400
74404
74422
74426
74434
74438
74441
74446
74450
74465
74467
74470
74477
74479
74483
74490
74501
74506
74510
74524
74525
74530
74531
74532
74535
74538
74545
74546
74550
74557
74560
74562
74593
74594
74601
74606
74620
74622
74623
74624
74632
74636
74637
74669
74679
74680
74701
74706
74710
74718
74739
74740
74759
74770
74771
74807
74808
74817
74820
74825
74831
74832
74839
74865
74869
74876
74880
74881
74884
74890
74903
74906
74921
74922
74923
74937
74966
74975
74982
74983
74984
74987
74991
74993
74994
75024
75028
75045
75049
75050
75055
75059
75062
75075
75076
75084
75086
75087
75089
75091
75100
75102
75108
75114
75122
75124
75127
75136
75142
75170
75176
75178
75181
75188
75192
75193
75217
75218
75227
75241
75250
75261
75265
75269
75273
75277
75291
75298
75300
75308
75309
75333
75336
75344
75348
75355
75363
75389
75395
75398
75401
75402
75403
75414
75416
75417
75424
75430
75431
75434
75437
75457
75460
75475
75483
75491
75503
75507
75510
75529
75532
75534
75547
75556
75577
75579
75600
75614
75621
75654
75659
75664
75669
75672
75673
75676
75678
75685
75691
75703
75704
75710
75715
75723
75729
75730
75735
75740
75750
75766
75771
75775
75776
75779
75787
75795
75812
75817
75818
75821
75823
75826
75830
75840
75857
75859
75875
75881
75883
75884
75897
75905
75906
75916
75934
75937
75938
75949
75954
75960
75965
75974
75979
75983
75995
75996
76004
76009
76018
76026
76044
76065
76068
76097
76102
76108
76118
76121
76127
76130
76145
76176
76179
76184
76194
76199
76202
76207
76216
76245
76249
76250
76255
76262
76269
76271
76281
76284
76286
76306
76313
76314
76334
76347
76349
76361
76363
76365
76366
76375
76383
76404
76412
76418
76436
76441
76442
76461
76463
76469
76478
76479
76516
76526
76541
76550
76551
76571
76587
76593
76598
76603
76613
76619
76626
76643
76660
76674
76678
76689
76696
76700
76701
76708
76718
76729
76736
76743
76757
76760
76768
76801
76802
76804
76829
76843
76844
76852
76854
76859
76865
76868
76874
76882
76885
76888
76899
76905
76907
76913
76915
76917
76920
76931
76932
76938
76955
76956
76957
76960
76961
76976
76978
76980
76983
76993
77003
77004
77014
77022
77027
77041
77058
77072
77079
77081
77091
77095
77098
77124
77140
77142
77146
77152
77156
77167
77169
77175
77177
77186
77216
77224
77235
77248
77308
77313
77317
77338
77344
77354
77362
77381
77387
77389
77393
77395
77410
77418
77421
77424
77429
77431
77511
77515
77527
77530
77539
77541
77547
77557
77559
77560
77566
77568
77569
77573
77582
77601
77602
77626
77635
77647
77649
77651
77653
77658
77669
77671
77676
77689
77694
77716
77718
77739
77752
77757
77758
77775
77780
77786
77795
77799
77805
77808
77821
77833
77834
77874
77875
77877
77896
77912
77917
77926
77948
77970
77975
78004
78007
78011
78022
78032
78046
78048
78049
78066
78080
78084
78110
78112
78114
78123
78127
78128
78130
78153
78154
78171
78189
78195
78202
78203
78217
78221
78253
78268
78275
78280
78300
78314
78319
78320
78321
78349
78350
78355
78359
78367
78370
78381
78393
78397
78425
78436
78445
78452
78480
78483
78487
78489
78499
78528
78554
78557
78574
78586
78598
78602
78613
78620
78625
78627
78629
78639
78644
78653
78668
78669
78688
78696
78700
78703
78719
78720
78721
78730
78734
78743
78744
78748
78775
78781
78782
78786
78809
78820
78840
78843
78855
78863
78873
78874
78881
78888
78897
78900
78903
78909
78912
78917
78934
78942
78949
78958
78963
78965
78966
78975
78978
78992
79002
79004
79014
79017
79021
79024
79026
79028
79029
79032
79039
79042
79062
79063
79087
79088
79092
79109
79119
79125
79137
79153
79160
79164
79177
79185
79196
79202
79231
79237
79246
79254
79261
79262
79268
79272
79279
79280
79283
79288
79290
79295
79297
79307
79314
79320
79324
79336
79340
79344
79378
79381
79382
79391
79392
79396
79397
79412
79418
79426
79439
79455
79456
79466
79470
79476
79485
79496
79504
79508
79517
79521
79529
79539
79544
79553
79556
79569
79584
79586
79589
79594
79607
79616
79624
79625
79628
79633
79637
79639
79641
79654
79658
79675
79676
79678
79683
79692
79694
79705
79707
79720
79721
79729
79732
79737
79740
79745
79746
79748
79763
79767
79779
79784
79788
79821
79825
79826
79833
79839
79840
79845
79850
79856
79865
79871
79876
79884
79885
79897
79899
79921
79934
79936
79940
79957
79962
79963
79968
79970
79979
79980
79990
79996
80000
80016
80025
80028
80030
80045
80058
80063
80067
80075
80076
80097
80117
80124
80137
80143
80146
80150
80155
80156
80165
80179
80182
80190
80193
80199
80215
80224
80230
80236
80238
80254
80256
80257
80260
80263
80295
80315
80318
80322
80340
80347
80357
80361
80363
80364
80372
80380
80391
80392
80397
80401
80404
80414
80433
80435
80436
80437
80441
80454
80456
80479
80501
80514
80525
80527
80537
80538
80539
80540
80545
80551
80566
80567
80569
80576
80582
80602
80609
80610
80611
80615
80618
80619
80626
80627
80645
80650
80651
80657
80668
80676
80679
80688
80712
80720
80726
80739
80745
80749
80751
80760
80761
80767
80770
80775
80782
80783
80786
80802
80803
80812
80813
80836
80852
80853
80859
80865
80867
80871
80876
80877
80886
80891
80915
80924
80937
80939
80942
80948
80950
80952
80955
80972
80974
80977
80981
80991
80994
81011
81015
81026
81029
81039
81050
81051
81070
81082
81084
81086
81101
81113
81119
81122
81124
81127
81134
81153
81156
81168
81180
81186
81193
81200
81201
81207
81217
81220
81223
81227
81237
81243
81268
81270
81271
81275
81279
81293
81301
81312
81321
81351
81359
81362
81363
81374
81376
81389
81392
81400
81406
81407
81408
81411
81430
81433
81434
81441
81443
81446
81455
81462
81465
81466
81482
81487
81494
81509
81512
81513
81515
81530
81537
81548
81549
81558
81559
81562
81575
81578
81580
81581
81589
81590
81603
81617
81624
81631
81633
81638
81657
81670
81671
81672
81673
81687
81688
81690
81699
81711
81720
81725
81730
81734
81743
81759
81764
81768
81774
81776
81778
81783
81786
81797
81798
81799
81804
81807
81808
81812
81818
81828
81833
81836
81838
81839
81857
81859
81862
81865
81876
81908
81934
81938
81946
81951
81961
81965
81977
81985
82004
82012
82022
82035
82040
82060
82064
82076
82101
82104
82118
82119
82124
82134
82139
82149
82152
82153
82155
82170
82172
82178
82185
82188
82194
82221
82222
82230
82234
82237
82241
82245
82254
82255
82262
82266
82270
82275
82294
82295
82296
82299
82306
82308
82315
82323
82327
82329
82343
82345
82350
82356
82359
82368
82369
82378
82380
82408
82416
82422
82424
82449
82452
82454
82456
82461
82462
82476
82499
82500
82515
82523
82532
82546
82548
82551
82589
82595
82599
82600
82601
82604
82636
82637
82639
82644
82659
82664
82668
82678
82679
82684
82694
82697
82705
82711
82716
82753
82762
82772
82774
82784
82809
82810
82823
82836
82856
82863
82870
82873
82877
82881
82889
82897
82901
82904
82909
82915
82917
82919
82925
82929
82932
82937
82941
82944
82948
82954
82969
82977
82992
83002
83009
83034
83040
83051
83057
83063
83067
83070
83071
83072
83075
83077
83082
83094
83103
83105
83107
83115
83120
83122
83133
83140
83141
83143
83145
83149
83155
83165
83184
83185
83195
83202
83225
83234
83237
83239
83244
83248
83250
83256
83259
83261
83270
83274
83283
83292
83295
83297
83302
83304
83325
83344
83362
83364
83380
83382
83384
83391
83404
83409
83415
83423
83428
83430
83431
83435
83436
83438
83440
83444
83449
83453
83458
83459
83465
83490
83494
83501
83533
83535
83552
83558
83562
83566
83568
83571
83575
83590
83591
83598
83599
83603
83628
83631
83637
83645
83678
83683
83687
83701
83721
83723
83724
83742
83745
83752
83756
83758
83761
83767
83769
83774
83783
83792
83819
83822
83829
83839
83840
83852
83865
83869
83871
83872
83890
83892
83913
83926
83936
83957
83973
83976
83981
83998
84028
84029
84030
84033
84038
84044
84045
84070
84072
84079
84092
84096
84101
84104
84107
84118
84127
84130
84135
84140
84145
84152
84159
84164
84165
84171
84183
84190
84202
84212
84216
84222
84232
84237
84250
84255
84256
84258
84259
84261
84276
84282
84286
84288
84289
84293
84303
84311
84313
84317
84318
84319
84323
84325
84330
84332
84334
84345
84360
84366
84381
84382
84387
84399
84405
84409
84413
84415
84417
84444
84460
84478
84483
84500
84504
84505
84518
84520
84522
84524
84534
84535
84543
84551
84560
84561
84562
84568
84575
84577
84589
84593
84601
84608
84618
84624
84628
84631
84636
84638
84639
84642
84646
84651
84652
84661
84679
84690
84696
84704
84709
84718
84729
84731
84741
84758
84781
84788
84799
84802
84805
84815
84817
84821
84828
84837
84852
84860
84868
84873
84879
84885
84886
84888
84896
84897
84899
84906
84915
84920
84922
84932
84941
84946
84949
84953
84966
84977
84984
84991
85007
85015
85018
85034
85062
85065
85066
85067
85074
85077
85081
85084
85099
85116
85141
85151
85163
85168
85175
85176
85187
85188
85190
85198
85203
85216
85221
85228
85229
85232
85244
85247
85250
85253
85263
85270
85273
85277
85278
85291
85310
85315
85324
85338
85339
85343
85353
85370
85374
85392
85394
85403
85412
85416
85423
85428
85435
85436
85454
85463
85470
85477
85489
85494
85502
85503
85509
85513
85516
85523
85525
85548
85561
85570
85575
85585
85587
85593
85615
85622
85636
85643
85644
85655
85656
85659
85668
85678
85691
85700
85702
85709
85720
85764
85775
85784
85789
85798
85809
85835
85837
85841
85844
85846
85848
85850
85852
85882
85887
85888
85895
85898
85900
85901
85922
85930
85935
85940
85941
85954
85956
85957
85963
85969
85986
85993
85994
86008
86015
86019
86030
86038
86063
86074
86078
86093
86102
86107
86117
86137
86155
86156
86171
86194
86199
86202
86215
86219
86224
86228
86238
86244
86247
86251
86255
86264
86266
86277
86278
86279
86289
86295
86300
86305
86325
86330
86334
86344
86347
86348
86349
86352
86353
86358
86360
86374
86383
86385
86424
86430
86433
86437
86443
86444
86467
86484
86498
86510
86525
86535
86537
86540
86543
86544
86561
86565
86578
86579
86580
86582
86595
86597
86599
86609
86611
86621
86632
86635
86638
86648
86665
86668
86675
86680
86683
86693
86696
86704
86705
86711
86725
86737
86749
86757
86765
86766
86770
86801
86802
86814
86817
86823
86825
86831
86835
86838
86851
86857
86859
86864
86867
86868
86870
86871
86897
86906
86907
86909
86922
86923
86925
86928
86930
86944
86966
86973
86979
86985
87010
87015
87016
87023
87028
87041
87053
87065
87066
87069
87074
87075
87077
87081
87090
87097
87100
87106
87117
87123
87128
87132
87134
87144
87157
87164
87166
87179
87186
87215
87216
87225
87226
87234
87238
87247
87262
87265
87277
87282
87296
87300
87305
87307
87310
87334
87338
87351
87357
87359
87360
87402
87419
87420
87425
87428
87432
87435
87443
87457
87458
87467
87476
87477
87483
87484
87514
87517
87527
87542
87544
87547
87559
87564
87568
87569
87570
87577
87587
87592
87608
87610
87612
87615
87616
87624
87638
87641
87642
87649
87661
87668
87672
87674
87680
87684
87685
87687
87705
87717
87731
87763
87770
87782
87788
87799
87814
87837
87844
87852
87854
87855
87861
87862
87863
87888
87895
87898
87904
87916
87920
87926
87929
87932
87949
87965
87971
87997
88006
88009
88032
88035
88040
88044
88048
88059
88061
88062
88064
88065
88070
88085
88089
88094
88102
88110
88128
88144
88176
88210
88211
88215
88223
88229
88236
88238
88257
88275
88292
88293
88294
88300
88308
88326
88331
88344
88348
88352
88356
88370
88374
88382
88385
88395
88410
88424
88425
88428
88442
88447
88449
88465
88471
88476
88477
88490
88493
88494
88500
88504
88515
88525
88530
88556
88561
88567
88571
88575
88576
88578
88583
88585
88591
88603
88621
88629
88634
88648
88666
88691
88693
88695
88696
88697
88698
88715
88718
88737
88742
88750
88758
88761
88768
88773
88777
88813
88818
88839
88840
88841
88843
88853
88880
88886
88890
88909
88910
88919
88922
88925
88931
88933
88945
88952
88966
88979
88987
88992
89006
89007
89012
89016
89036
89045
89058
89060
89061
89072
89083
89084
89086
89087
89097
89104
89108
89110
89113
89121
89123
89145
89163
89165
89185
89192
89208
89212
89225
89230
89236
89241
89243
89246
89248
89254
89260
89273
89274
89276
89289
89297
89311
89319
89320
89337
89339
89354
89363
89370
89376
89378
89390
89392
89399
89405
89412
89425
89434
89441
89444
89452
89456
89462
89464
89469
89470
89476
89485
89487
89490
89501
89503
89506
89516
89519
89521
89530
89533
89540
89546
89558
89574
89579
89581
89589
89593
89598
89599
89601
89605
89609
89620
89630
89632
89639
89642
89648
89661
89671
89676
89677
89690
89706
89712
89714
89727
89730
89739
89751
89782
89803
89804
89837
89839
89843
89845
89849
89868
89876
89877
89882
89885
89886
89887
89917
89920
89927
89928
89944
89957
89958
89959
89962
89993
90005
90011
90012
90015
90023
90027
90028
90029
90032
90042
90043
90045
90048
90061
90068
90069
90093
90096
90132
90143
90146
90159
90160
90169
90173
90176
90189
90193
90196
90205
90211
90226
90233
90241
90250
90262
90285
90286
90289
90295
90296
90311
90317
90320
90343
90344
90354
90361
90364
90374
90379
90385
90413
90426
90429
90431
90433
90438
90448
90449
90455
90456
90466
90467
90472
90497
90500
90506
90508
90515
90521
90529
90538
90539
90556
90568
90575
90582
90584
90590
90602
90604
90611
90650
90659
90663
90665
90670
90673
90677
90678
90701
90705
90711
90722
90734
90740
90749
90760
90761
90766
90775
90813
90821
90828
90833
90838
90854
90871
90873
90881
90886
90888
90890
90895
90897
90901
90907
90918
90925
90926
90935
90939
90942
90947
90956
90968
90983
90986
91001
91008
91014
91027
91029
91040
91044
91045
91048
91049
91053
91054
91055
91060
91077
91084
91088
91102
91103
91113
91122
91139
91140
91145
91153
91154
91161
91177
91183
91208
91213
91219
91220
91231
91235
91241
91250
91259
91279
91288
91289
91309
91313
91315
91322
91324
91327
91337
91338
91347
91364
91366
91373
91393
91397
91400
91405
91407
91412
91419
91420
91421
91425
91436
91446
91456
91462
91471
91475
91476
91527
91535
91536
91539
91542
91560
91576
91579
91582
91587
91597
91600
91601
91604
91620
91629
91635
91646
91650
91652
91656
91659
91664
91666
91679
91694
91710
91712
91717
91735
91744
91750
91764
91775
91778
91783
91788
91792
91803
91807
91813
91814
91816
91821
91828
91845
91847
91854
91859
91861
91875
91883
91884
91890
91902
91903
91933
91935
91949
91951
91955
91957
91958
91961
91963
91970
91972
91995
92015
92023
92035
92045
92048
92050
92059
92070
92074
92082
92084
92085
92086
92097
92105
92110
92125
92130
92142
92148
92150
92153
92160
92163
92166
92170
92174
92181
92204
92207
92210
92212
92231
92233
92240
92250
92255
92280
92282
92298
92302
92308
92311
92324
92327
92340
92344
92345
92371
92379
92382
92392
92406
92417
92433
92446
92450
92471
92478
92488
92504
92506
92509
92514
92518
92522
92523
92529
92531
92539
92543
92553
92561
92578
92589
92604
92612
92619
92620
92625
92628
92630
92632
92636
92641
92648
92653
92692
92708
92711
92712
92716
92718
92719
92726
92727
92731
92745
92746
92747
92753
92772
92779
92780
92796
92799
92800
92819
92833
92838
92839
92842
92861
92871
92875
92900
92905
92914
92917
92919
92922
92923
92929
92936
92945
92956
92958
92970
92982
92990
92992
92993
93005
93008
93018
93033
93038
93039
93042
93054
93070
93072
93085
93086
93090
93101
93119
93125
93130
93140
93141
93146
93160
93171
93189
93194
93197
93213
93215
93222
93235
93247
93252
93261
93262
93283
93296
93310
93316
93321
93326
93355
93371
93374
93377
93379
93380
93388
93412
93418
93427
93443
93447
93451
93453
93455
93463
93477
93497
93503
93508
93514
93522
93527
93529
93540
93553
93565
93567
93575
93581
93585
93587
93595
93597
93598
93606
93617
93623
93626
93638
93645
93657
93660
93668
93671
93673
93676
93678
93686
93687
93697
93699
93702
93714
93735
93769
93776
93778
93782
93783
93786
93794
93796
93817
93820
93827
93836
93838
93840
93844
93847
93850
93856
93868
93872
93876
93880
93881
93885
93893
93904
93910
93912
93932
93950
93957
93958
93961
93968
93969
93970
93975
93984
93985
93992
93995
94003
94005
94009
94011
94013
94021
94023
94036
94050
94081
94086
94088
94096
94099
94117
94128
94130
94131
94133
94142
94177
94194
94217
94219
94230
94231
94243
94250
94268
94278
94306
94318
94338
94349
94368
94371
94375
94381
94403
94427
94428
94441
94446
94458
94475
94479
94488
94504
94512
94516
94526
94527
94577
94589
94591
94592
94594
94602
94613
94622
94636
94637
94640
94642
94649
94652
94660
94663
94672
94687
94689
94703
94727
94746
94753
94758
94767
94781
94793
94795
94799
94800
94806
94822
94825
94830
94831
94844
94846
94852
94860
94868
94894
94911
94926
94929
94930
94938
94942
94963
94965
94967
94968
94972
94977
94998
95006
95027
95028
95055
95060
95066
95090
95096
95124
95133
95137
95140
95141
95144
95158
95169
95171
95175
95176
95177
95182
95185
95186
95187
95189
95194
95196
95202
95204
95234
95235
95246
95264
95265
95274
95277
95282
95284
95286
95287
95291
95298
95304
95313
95315
95320
95327
95336
95353
95357
95365
95369
95393
95401
95411
95422
95431
95441
95462
95465
95469
95475
95496
95499
95512
95519
95521
95532
95551
95583
95586
95587
95597
95601
95603
95604
95610
95645
95652
95654
95656
95660
95666
95671
95672
95676
95687
95694
95710
95719
95722
95741
95748
95751
95756
95779
95783
95805
95806
95813
95817
95826
95859
95871
95892
95898
95899
95924
95926
95937
95939
95945
95952
95970
95979
95986
95994
96002
96005
96010
96036
96039
96042
96052
96055
96069
96071
96072
96081
96082
96088
96096
96099
96125
96147
96167
96180
96187
96189
96190
96195
96205
96207
96230
96231
96249
96253
96257
96258
96265
96273
96278
96297
96321
96322
96324
96358
96362
96369
96376
96405
96413
96425
96426
96428
96435
96444
96445
96469
96470
96480
96487
96489
96493
96500
96504
96505
96511
96515
96522
96523
96532
96555
96557
96558
96560
96572
96585
96592
96600
96605
96617
96620
96638
96654
96661
96671
96684
96685
96709
96710
96714
96719
96722
96723
96731
96733
96737
96738
96741
96745
96747
96748
96751
96762
96764
96770
96775
96783
96791
96793
96801
96803
96816
96820
96823
96826
96833
96841
96859
96864
96865
96866
96882
96883
96900
96907
96909
96923
96942
96944
96953
96954
96963
96964
96968
96973
96974
96975
96982
96988
96999
97001
97004
97010
97014
97017
97019
97020
97042
97053
97056
97059
97061
97070
97077
97082
97088
97109
97111
97120
97121
97123
97130
97135
97136
97139
97146
97149
97159
97162
97166
97175
97178
97196
97199
97222
97233
97241
97247
97250
97259
97272
97290
97292
97301
97308
97315
97316
97321
97328
97347
97356
97369
97380
97381
97382
97387
97394
97396
97422
97423
97427
97447
97469
97471
97472
97491
97496
97501
97503
97510
97518
97521
97522
97523
97526
97527
97528
97533
97535
97539
97543
97574
97576
97577
97580
97581
97584
97587
97600
97613
97614
97615
97620
97630
97631
97632
97635
97643
97685
97693
97709
97713
97716
97719
97732
97738
97754
97755
97767
97774
97788
97795
97801
97811
97826
97831
97836
97864
97865
97903
97908
97909
97912
97915
97928
97932
97945
97947
97958
97959
97964
97977
98000
98010
98030
98039
98047
98064
98069
98072
98077
98093
98101
98125
98140
98153
98154
98177
98180
98190
98202
98231
98233
98239
98252
98254
98260
98264
98267
98280
98281
98299
98308
98312
98317
98318
98327
98328
98340
98351
98358
98362
98376
98386
98406
98423
98426
98433
98434
98441
98443
98457
98465
98467
98471
98472
98479
98483
98489
98492
98496
98501
98513
98515
98553
98558
98569
98599
98601
98628
98632
98668
98693
98695
98706
98715
98717
98718
98742
98751
98755
98758
98762
98766
98811
98822
98848
98861
98863
98865
98869
98877
98880
98890
98892
98893
98905
98913
98917
98926
98941
98947
98948
98959
98962
98971
98977
98978
98981
98993
99000
99003
99004
99012
99030
99038
99053
99055
99057
99087
99101
99102
99112
99113
99124
99126
99129
99130
99144
99156
99161
99162
99166
99181
99182
99194
99201
99202
99217
99221
99222
99234
99235
99252
99253
99257
99265
99273
99279
99283
99293
99296
99303
99318
99325
99328
99336
99337
99338
99339
99340
99347
99350
99358
99363
99364
99367
99385
99407
99408
99426
99441
99448
99451
99452
99453
99460
99463
99464
99479
99492
99507
99510
99513
99533
99544
99545
99547
99550
99560
99572
99582
99583
99612
99619
99641
99645
99651
99664
99674
99712
99714
99719
99725
99753
99756
99768
99786
99792
99801
99832
99852
99854
99890
99900
99911
99917
99919
99924
99927
99929
99940
99941
99950
99975
99989
